rpg_box01,0.11275153447365799,-9.766925850281414,0,1,0,0,0,0.24860225013635398,0.24860225013635398,0.24860225013635398
rpg_box01,0.1115673785085996,-8.569268731068805,0,1,0,0,0,0.21394222552432143,0.21394222552432143,0.21394222552432143
rpg_box01,0.0759760827008481,-6.883296422872276,0,1,0,0,0,0.2196366288750859,0.2196366288750859,0.2196366288750859
rpg_box01,-0.12760813447492472,-4.964528195799927,0,1,0,0,0,0.20722740745582457,0.20722740745582457,0.20722740745582457
rpg_box01,-0.0014691076813515003,-3.7245116857545892,0,1,0,0,0,0.29940066953682937,0.29940066953682937,0.29940066953682937
rpg_box01,0.06027578423609728,-2.016922547966384,0,1,0,0,0,0.2788861973589013,0.2788861973589013,0.2788861973589013
rpg_box01,0.014349352867136816,-0.3013334453059509,0,1,0,0,0,0.2239106559108148,0.2239106559108148,0.2239106559108148
rpg_box01,-0.09873054921796626,1.196139416339439,0,1,0,0,0,0.2530004956852395,0.2530004956852395,0.2530004956852395
rpg_box01,0.09298909671880046,2.7482796401515017,0,1,0,0,0,0.23813791027927006,0.23813791027927006,0.23813791027927006
rpg_box01,0.14156821296312672,4.348522139058428,0,1,0,0,0,0.29884346780506604,0.29884346780506604,0.29884346780506604
rpg_box01,0.07072252033732679,5.812120311287916,0,1,0,0,0,0.21052345705181835,0.21052345705181835,0.21052345705181835
rpg_box01,-0.04004353375730711,7.810110785602295,0,1,0,0,0,0.2485909079052474,0.2485909079052474,0.2485909079052474
rpg_box01,0.02188448604259738,8.984625258724815,0,1,0,0,0,0.28188724330366793,0.28188724330366793,0.28188724330366793
rpg_box01,1.5040243929788084,-9.065692889803167,0,1,0,0,0,0.21592974443878338,0.21592974443878338,0.21592974443878338
rpg_box01,1.6766692250370168,-7.415508820566741,0,1,0,0,0,0.28393581836653703,0.28393581836653703,0.28393581836653703
rpg_box01,1.5909657449761168,-6.205634974941758,0,1,0,0,0,0.26541520006143987,0.26541520006143987,0.26541520006143987
rpg_box01,1.5872511391328743,-4.366830995529599,0,1,0,0,0,0.29782574027224606,0.29782574027224606,0.29782574027224606
rpg_box01,1.527783575418745,-3.0158842043110026,0,1,0,0,0,0.21392304572872262,0.21392304572872262,0.21392304572872262
rpg_box01,1.540293739866879,-1.068345481946017,0,1,0,0,0,0.2690257146495162,0.2690257146495162,0.2690257146495162
rpg_box01,1.4167279459214306,0.3344651668683023,0,1,0,0,0,0.21396183124442272,0.21396183124442272,0.21396183124442272
rpg_box01,1.4365722263266207,2.086466819670215,0,1,0,0,0,0.207299869834741,0.207299869834741,0.207299869834741
rpg_box01,1.532126091214672,3.515824264139244,0,1,0,0,0,0.2460356094951335,0.2460356094951335,0.2460356094951335
rpg_box01,1.6802922132326554,5.192180366295604,0,1,0,0,0,0.26500638953640193,0.26500638953640193,0.26500638953640193
rpg_box01,1.507247984870103,6.780456679194619,0,1,0,0,0,0.23140522178143147,0.23140522178143147,0.23140522178143147
rpg_box01,1.4715666643945522,8.579568420484225,0,1,0,0,0,0.21961631007639654,0.21961631007639654,0.21961631007639654
rpg_box01,1.6764295621274186,10.162161070477495,0,1,0,0,0,0.2139597352205051,0.2139597352205051,0.2139597352205051
rpg_box01,3.0350610356104206,-10.198395952577881,0,1,0,0,0,0.20350476611780058,0.20350476611780058,0.20350476611780058
rpg_box01,2.943428921760558,-8.400145623265534,0,1,0,0,0,0.26819660347171126,0.26819660347171126,0.26819660347171126
rpg_box01,2.932058370216527,-6.997045903888154,0,1,0,0,0,0.2695090985874948,0.2695090985874948,0.2695090985874948
rpg_box01,3.0660956802239223,-5.392009642483261,0,1,0,0,0,0.2627471482525283,0.2627471482525283,0.2627471482525283
rpg_box01,3.046266803222339,-3.7710188271551686,0,1,0,0,0,0.22706129440308087,0.22706129440308087,0.22706129440308087
rpg_box01,3.0824006569238236,-2.0977183644501114,0,1,0,0,0,0.2199396940658773,0.2199396940658773,0.2199396940658773
rpg_box01,3.102742977513255,-0.5287197163468891,0,1,0,0,0,0.2153401854046167,0.2153401854046167,0.2153401854046167
rpg_box01,3.174835052914695,1.014357310886199,0,1,0,0,0,0.27060902410668375,0.27060902410668375,0.27060902410668375
rpg_box01,3.009283484204248,2.8111600960566117,0,1,0,0,0,0.22069096953828887,0.22069096953828887,0.22069096953828887
rpg_box01,3.1554103444259045,4.279525354370865,0,1,0,0,0,0.21465714104551303,0.21465714104551303,0.21465714104551303
rpg_box01,3.079889557890958,6.0087392095249665,0,1,0,0,0,0.23569504172626407,0.23569504172626407,0.23569504172626407
rpg_box01,3.115351583645384,7.439265455148712,0,1,0,0,0,0.26627659514880225,0.26627659514880225,0.26627659514880225
rpg_box01,3.1427066480701824,9.276750665828777,0,1,0,0,0,0.2033753247812206,0.2033753247812206,0.2033753247812206
rpg_box01,4.727976654904665,-9.011120519422208,0,1,0,0,0,0.2218522522497543,0.2218522522497543,0.2218522522497543
rpg_box01,4.623132760669713,-7.438574090340807,0,1,0,0,0,0.2747045712856187,0.2747045712856187,0.2747045712856187
rpg_box01,4.763294655914518,-5.9495592231433285,0,1,0,0,0,0.24363449678013194,0.24363449678013194,0.24363449678013194
rpg_box01,4.51513141868886,-4.202044338557886,0,1,0,0,0,0.2839889676231884,0.2839889676231884,0.2839889676231884
rpg_box01,4.743412112330147,-2.7065937916854517,0,1,0,0,0,0.26181045117377544,0.26181045117377544,0.26181045117377544
rpg_box01,4.6544146713334325,-1.2328706441897157,0,1,0,0,0,0.23104390572206712,0.23104390572206712,0.23104390572206712
rpg_box01,4.574276967352494,0.6396522039363219,0,1,0,0,0,0.2161587535800568,0.2161587535800568,0.2161587535800568
rpg_box01,4.521647722305217,2.040756739995577,0,1,0,0,0,0.2562790264991478,0.2562790264991478,0.2562790264991478
rpg_box01,4.537613253006454,3.3793339235672084,0,1,0,0,0,0.2455365877727757,0.2455365877727757,0.2455365877727757
rpg_box01,4.57287951287082,5.087010761658522,0,1,0,0,0,0.2582159043729059,0.2582159043729059,0.2582159043729059
rpg_box01,4.625620627761064,6.607234753334918,0,1,0,0,0,0.25113351363968384,0.25113351363968384,0.25113351363968384
rpg_box01,4.616113942907012,8.631255313494467,0,1,0,0,0,0.20625139378010401,0.20625139378010401,0.20625139378010401
rpg_box01,4.7260733630375835,10.075806511598643,0,1,0,0,0,0.25188358985861853,0.25188358985861853,0.25188358985861853
rpg_box01,6.243413590383345,-10.146856550475677,0,1,0,0,0,0.21845574435322532,0.21845574435322532,0.21845574435322532
rpg_box01,6.288214789421542,-8.276985548308154,0,1,0,0,0,0.2188199233585688,0.2188199233585688,0.2188199233585688
rpg_box01,6.169400016053825,-6.791178481049794,0,1,0,0,0,0.21618901975529448,0.21618901975529448,0.21618901975529448
rpg_box01,6.067132717235664,-5.250483026564688,0,1,0,0,0,0.2904113457197163,0.2904113457197163,0.2904113457197163
rpg_box01,6.169102077601802,-3.5352264583583253,0,1,0,0,0,0.2631794744063272,0.2631794744063272,0.2631794744063272
rpg_box01,6.187603897110072,-1.9668595190282379,0,1,0,0,0,0.27499341840986674,0.27499341840986674,0.27499341840986674
rpg_box01,6.103677810475985,-0.29659572041507404,0,1,0,0,0,0.2683843965049004,0.2683843965049004,0.2683843965049004
rpg_box01,6.028555974258411,1.3216760700817236,0,1,0,0,0,0.21664669609667025,0.21664669609667025,0.21664669609667025
rpg_box01,6.084694533859612,2.816706953281513,0,1,0,0,0,0.29989418885593466,0.29989418885593466,0.29989418885593466
rpg_box01,6.024724024846255,4.486705109154345,0,1,0,0,0,0.21241814146413457,0.21241814146413457,0.21241814146413457
rpg_box01,6.194829823964017,5.778980952110572,0,1,0,0,0,0.23912718986351603,0.23912718986351603,0.23912718986351603
rpg_box01,6.117695197492556,7.520789560897733,0,1,0,0,0,0.2509211779490541,0.2509211779490541,0.2509211779490541
rpg_box01,6.29347156718573,8.974441619174168,0,1,0,0,0,0.26959768525081895,0.26959768525081895,0.26959768525081895
rpg_box01,7.67054728534103,-9.144232243064167,0,1,0,0,0,0.22788641683992727,0.22788641683992727,0.22788641683992727
rpg_box01,7.783198821988778,-7.661847732679034,0,1,0,0,0,0.26956419132964815,0.26956419132964815,0.26956419132964815
rpg_box01,7.607515961379614,-6.211170099390423,0,1,0,0,0,0.20503282882310017,0.20503282882310017,0.20503282882310017
rpg_box01,7.7664913665762345,-4.400920441778255,0,1,0,0,0,0.24305152831898677,0.24305152831898677,0.24305152831898677
rpg_box01,7.705637488582252,-2.8352816091601944,0,1,0,0,0,0.2897848712860479,0.2897848712860479,0.2897848712860479
rpg_box01,7.676465710164217,-0.974104569439723,0,1,0,0,0,0.2815720956874761,0.2815720956874761,0.2815720956874761
rpg_box01,7.552686273274482,0.5786533554822113,0,1,0,0,0,0.22515941815670618,0.22515941815670618,0.22515941815670618
rpg_box01,7.778146061460897,2.1067972016072365,0,1,0,0,0,0.278200206364176,0.278200206364176,0.278200206364176
rpg_box01,7.713061169677794,3.72088092810181,0,1,0,0,0,0.25913089912847276,0.25913089912847276,0.25913089912847276
rpg_box01,7.650291258006197,5.069276935590224,0,1,0,0,0,0.27487244460275445,0.27487244460275445,0.27487244460275445
rpg_box01,7.823326055974565,6.841908011542227,0,1,0,0,0,0.22840537458484572,0.22840537458484572,0.22840537458484572
rpg_box01,7.706797671335369,8.506293177462382,0,1,0,0,0,0.23047563945664928,0.23047563945664928,0.23047563945664928
rpg_box01,7.669583505354796,10.177386759896665,0,1,0,0,0,0.21617385761691174,0.21617385761691174,0.21617385761691174
rpg_box01,9.371789743362347,-9.899789909086607,0,1,0,0,0,0.20130264223822708,0.20130264223822708,0.20130264223822708
rpg_box01,9.108378474159107,-8.630184227942665,0,1,0,0,0,0.23632248883178578,0.23632248883178578,0.23632248883178578
rpg_box01,9.253608031315823,-6.721470439466705,0,1,0,0,0,0.27654532224574413,0.27654532224574413,0.27654532224574413
rpg_box01,9.308986346205,-5.065584529220059,0,1,0,0,0,0.29059276772996123,0.29059276772996123,0.29059276772996123
rpg_box01,9.173631794821155,-3.4848704815093425,0,1,0,0,0,0.23617737273648162,0.23617737273648162,0.23617737273648162
rpg_box01,9.301845868328648,-2.1679872105349958,0,1,0,0,0,0.22734154939564855,0.22734154939564855,0.22734154939564855
rpg_box01,9.338667842554624,-0.3121129928723225,0,1,0,0,0,0.2583485014039078,0.2583485014039078,0.2583485014039078
rpg_box01,9.290684950957356,0.9971578226238722,0,1,0,0,0,0.21421874105135716,0.21421874105135716,0.21421874105135716
rpg_box01,9.348054469206952,2.7740117513669627,0,1,0,0,0,0.240810039680111,0.240810039680111,0.240810039680111
rpg_box01,9.205395386658052,4.420960643848135,0,1,0,0,0,0.2184749520296193,0.2184749520296193,0.2184749520296193
rpg_box01,9.362440751571071,5.800241822300892,0,1,0,0,0,0.2616454559945651,0.2616454559945651,0.2616454559945651
rpg_box01,9.161829462685896,7.428657170151767,0,1,0,0,0,0.2190431916316013,0.2190431916316013,0.2190431916316013
rpg_box01,9.150083318971774,9.120319492647894,0,1,0,0,0,0.22702811987938246,0.22702811987938246,0.22702811987938246
rpg_box01,10.802637982756554,-9.099152131807259,0,1,0,0,0,0.21886362879488958,0.21886362879488958,0.21886362879488958
rpg_box01,10.890714788176936,-7.569431284553174,0,1,0,0,0,0.2272585795614828,0.2272585795614828,0.2272585795614828
rpg_box01,10.822026417002261,-5.768022385560843,0,1,0,0,0,0.21540726971417506,0.21540726971417506,0.21540726971417506
rpg_box01,10.658765913992887,-4.5649424190310475,0,1,0,0,0,0.22204291417235067,0.22204291417235067,0.22204291417235067
rpg_box01,10.899103456031222,-3.0213949261723343,0,1,0,0,0,0.2908690773707742,0.2908690773707742,0.2908690773707742
rpg_box01,10.833453156036006,-1.4056209229518768,0,1,0,0,0,0.299299114079906,0.299299114079906,0.299299114079906
rpg_box01,10.706787618145457,0.3759584607687104,0,1,0,0,0,0.21220294938452136,0.21220294938452136,0.21220294938452136
rpg_box01,10.644384844899784,2.1550390908307584,0,1,0,0,0,0.2793806710942938,0.2793806710942938,0.2793806710942938
rpg_box01,10.907224174832985,3.6271974666547138,0,1,0,0,0,0.2477704116046562,0.2477704116046562,0.2477704116046562
rpg_box01,10.810187077048488,5.333016066262589,0,1,0,0,0,0.2971608509038806,0.2971608509038806,0.2971608509038806
rpg_box01,10.852340096138585,6.938627482806619,0,1,0,0,0,0.2691168149185166,0.2691168149185166,0.2691168149185166
rpg_box01,10.721409779784285,8.58893393649244,0,1,0,0,0,0.2197429840604896,0.2197429840604896,0.2197429840604896
rpg_box01,10.905804447512708,10.214427849932875,0,1,0,0,0,0.2868534991600762,0.2868534991600762,0.2868534991600762
rpg_box01,12.197721076129097,-9.798789740486981,0,1,0,0,0,0.28272131550869195,0.28272131550869195,0.28272131550869195
rpg_box01,12.241785452067528,-8.346477052520061,0,1,0,0,0,0.26704145279536484,0.26704145279536484,0.26704145279536484
rpg_box01,12.265715631158937,-6.62433509524441,0,1,0,0,0,0.2966198734808957,0.2966198734808957,0.2966198734808957
rpg_box01,12.357511180278742,-5.369742870735048,0,1,0,0,0,0.2603826658042481,0.2603826658042481,0.2603826658042481
rpg_box01,12.336458996692187,-3.6805765187809603,0,1,0,0,0,0.27515824197335953,0.27515824197335953,0.27515824197335953
rpg_box01,12.30065542513209,-1.965758511380952,0,1,0,0,0,0.26169806110811755,0.26169806110811755,0.26169806110811755
rpg_box01,12.335417382109801,-0.233951403647158,0,1,0,0,0,0.26992093821265434,0.26992093821265434,0.26992093821265434
rpg_box01,12.378177212966305,1.3710700975149144,0,1,0,0,0,0.22337570715483016,0.22337570715483016,0.22337570715483016
rpg_box01,12.361145595920632,2.6262023668200003,0,1,0,0,0,0.26868497994073204,0.26868497994073204,0.26868497994073204
rpg_box01,12.396860439157445,4.499271488852453,0,1,0,0,0,0.20655668797100465,0.20655668797100465,0.20655668797100465
rpg_box01,12.349810765725605,5.86532027153082,0,1,0,0,0,0.24691028840740042,0.24691028840740042,0.24691028840740042
rpg_box01,12.355852575025814,7.786458743484071,0,1,0,0,0,0.228535734045551,0.228535734045551,0.228535734045551
rpg_box01,12.275479894498437,9.13456207640755,0,1,0,0,0,0.2955018699659633,0.2955018699659633,0.2955018699659633
rpg_box01,13.904232624577531,-9.308236987814995,0,1,0,0,0,0.29607346848407246,0.29607346848407246,0.29607346848407246
rpg_box01,13.701041131989717,-7.601338635016435,0,1,0,0,0,0.2319095126417405,0.2319095126417405,0.2319095126417405
rpg_box01,13.703300207223535,-6.010418687818692,0,1,0,0,0,0.254523716530267,0.254523716530267,0.254523716530267
rpg_box01,13.788534259158697,-4.321350668275737,0,1,0,0,0,0.2413882319306721,0.2413882319306721,0.2413882319306721
rpg_box01,13.82145669693594,-2.5708290571566454,0,1,0,0,0,0.2145405171366102,0.2145405171366102,0.2145405171366102
rpg_box01,13.913348805742084,-0.9885268925950503,0,1,0,0,0,0.23556696633147323,0.23556696633147323,0.23556696633147323
rpg_box01,13.82266811178231,0.3514654376703128,0,1,0,0,0,0.28689749910452933,0.28689749910452933,0.28689749910452933
rpg_box01,13.920476453028812,1.8256537777412083,0,1,0,0,0,0.20787812753656323,0.20787812753656323,0.20787812753656323
rpg_box01,13.703777373243451,3.446983941834554,0,1,0,0,0,0.21502756669136897,0.21502756669136897,0.21502756669136897
rpg_box01,13.80900158436155,5.104207051987007,0,1,0,0,0,0.28927659952212803,0.28927659952212803,0.28927659952212803
rpg_box01,13.71273249194536,6.834277618319452,0,1,0,0,0,0.2266724251437819,0.2266724251437819,0.2266724251437819
rpg_box01,13.893385886531298,8.592963359656874,0,1,0,0,0,0.24503280011899645,0.24503280011899645,0.24503280011899645
rpg_box01,13.719034295651081,9.922320438045027,0,1,0,0,0,0.222636217348153,0.222636217348153,0.222636217348153
rpg_box01,15.461298203503464,-10.210415241046725,0,1,0,0,0,0.22382684472020495,0.22382684472020495,0.22382684472020495
rpg_box01,15.404871008295792,-8.203724562062153,0,1,0,0,0,0.2253176537716346,0.2253176537716346,0.2253176537716346
rpg_box01,15.43051532547112,-6.677346093222232,0,1,0,0,0,0.29286850888636184,0.29286850888636184,0.29286850888636184
rpg_box01,15.382972519067994,-5.427449532645067,0,1,0,0,0,0.21137726553988373,0.21137726553988373,0.21137726553988373
rpg_box01,15.363567221477844,-3.386929214104164,0,1,0,0,0,0.2773164653175144,0.2773164653175144,0.2773164653175144
rpg_box01,15.254267902004822,-2.0304296475161165,0,1,0,0,0,0.21339440786804365,0.21339440786804365,0.21339440786804365
rpg_box01,15.33923957526471,-0.21035469094349984,0,1,0,0,0,0.2892095629863412,0.2892095629863412,0.2892095629863412
rpg_box01,15.501949510307911,1.0057075328609169,0,1,0,0,0,0.20335006022302904,0.20335006022302904,0.20335006022302904
rpg_box01,15.334142034528838,2.6611436637429486,0,1,0,0,0,0.29968139183305087,0.29968139183305087,0.29968139183305087
rpg_box01,15.519421529053139,4.558767518176565,0,1,0,0,0,0.22076236455849924,0.22076236455849924,0.22076236455849924
rpg_box01,15.2565496031936,6.024621116475756,0,1,0,0,0,0.28875493658557877,0.28875493658557877,0.28875493658557877
rpg_box01,15.327860710039193,7.5570379818180164,0,1,0,0,0,0.21719725498784986,0.21719725498784986,0.21719725498784986
rpg_box01,15.508102574940441,9.024645724244111,0,1,0,0,0,0.27949843204897357,0.27949843204897357,0.27949843204897357
rpg_box01,16.807802295189365,-9.068905634572642,0,1,0,0,0,0.29961108453639895,0.29961108453639895,0.29961108453639895
rpg_box01,17.008649035756434,-7.606394617192968,0,1,0,0,0,0.27303671895788595,0.27303671895788595,0.27303671895788595
rpg_box01,16.770836283810773,-6.15358769147777,0,1,0,0,0,0.2974273456881335,0.2974273456881335,0.2974273456881335
rpg_box01,17.000058639179322,-4.379215107476663,0,1,0,0,0,0.22682592749603303,0.22682592749603303,0.22682592749603303
rpg_box01,16.911526452891845,-2.812106915523886,0,1,0,0,0,0.20606702993254947,0.20606702993254947,0.20606702993254947
rpg_box01,16.867172068691794,-1.3345086237984654,0,1,0,0,0,0.2974367663396742,0.2974367663396742,0.2974367663396742
rpg_box01,16.853981026210455,0.6265639550469271,0,1,0,0,0,0.2057795167843626,0.2057795167843626,0.2057795167843626
rpg_box01,17.00422692317899,1.880662243963837,0,1,0,0,0,0.2510079386677241,0.2510079386677241,0.2510079386677241
rpg_box01,16.822146080333532,3.760081827053596,0,1,0,0,0,0.25088264913735175,0.25088264913735175,0.25088264913735175
rpg_box01,16.7819180034988,5.010779870598427,0,1,0,0,0,0.29076726931188934,0.29076726931188934,0.29076726931188934
rpg_box01,16.77985255801644,6.854507686772624,0,1,0,0,0,0.2724897685734514,0.2724897685734514,0.2724897685734514
rpg_box01,16.899497972723072,8.280512318454441,0,1,0,0,0,0.2095470488504431,0.2095470488504431,0.2095470488504431
rpg_box01,16.926419080436606,10.186131341479031,0,1,0,0,0,0.24466435834693984,0.24466435834693984,0.24466435834693984
rpg_box01,18.43681529981638,-10.194418677519343,0,1,0,0,0,0.2112691410076884,0.2112691410076884,0.2112691410076884
rpg_box01,18.608312877823725,-8.23895571153248,0,1,0,0,0,0.2917837100948988,0.2917837100948988,0.2917837100948988
rpg_box01,18.47874195488612,-6.70789707735407,0,1,0,0,0,0.236831134174324,0.236831134174324,0.236831134174324
rpg_box01,18.375603110650044,-5.094724162398103,0,1,0,0,0,0.23411583936111202,0.23411583936111202,0.23411583936111202
rpg_box01,18.532097627090984,-3.744238473662571,0,1,0,0,0,0.2966698079427671,0.2966698079427671,0.2966698079427671
rpg_box01,18.47314096076166,-2.1200769531425294,0,1,0,0,0,0.25051069567188716,0.25051069567188716,0.25051069567188716
rpg_box01,18.325294262646896,-0.558581603220795,0,1,0,0,0,0.29020573520964255,0.29020573520964255,0.29020573520964255
rpg_box01,18.40004446098795,1.0413239940513639,0,1,0,0,0,0.23929458709981183,0.23929458709981183,0.23929458709981183
rpg_box01,18.468191793563395,2.9624350683972223,0,1,0,0,0,0.28867494340985217,0.28867494340985217,0.28867494340985217
rpg_box01,18.458767962737166,4.620553994544554,0,1,0,0,0,0.263383699444453,0.263383699444453,0.263383699444453
rpg_box01,18.456105045960545,5.949152098943359,0,1,0,0,0,0.296027979717966,0.296027979717966,0.296027979717966
rpg_box01,18.513008066649075,7.789210478566429,0,1,0,0,0,0.24752416478072684,0.24752416478072684,0.24752416478072684
rpg_box01,18.52857539746173,9.188270018739054,0,1,0,0,0,0.2783526112978483,0.2783526112978483,0.2783526112978483
rpg_box01,19.97251584672472,-8.998474502712163,0,1,0,0,0,0.21636348625574697,0.21636348625574697,0.21636348625574697
rpg_box01,20.04539516735841,-7.590696494263542,0,1,0,0,0,0.2549307035108226,0.2549307035108226,0.2549307035108226
rpg_box01,19.852905406069254,-5.8102323526136495,0,1,0,0,0,0.28760398328618575,0.28760398328618575,0.28760398328618575
rpg_box01,19.89887306002181,-4.351260821969693,0,1,0,0,0,0.21429536700976548,0.21429536700976548,0.21429536700976548
rpg_box01,19.935896618125735,-2.618506523777013,0,1,0,0,0,0.246159905814333,0.246159905814333,0.246159905814333
rpg_box01,20.01751200652526,-1.0125797160804617,0,1,0,0,0,0.20492402509977078,0.20492402509977078,0.20492402509977078
rpg_box01,20.146427762734756,0.22599308630931675,0,1,0,0,0,0.2567523936394152,0.2567523936394152,0.2567523936394152
rpg_box01,19.874906905608686,1.808776571958123,0,1,0,0,0,0.2515041803040395,0.2515041803040395,0.2515041803040395
rpg_box01,19.97372951458577,3.4386504410744774,0,1,0,0,0,0.21134664843391712,0.21134664843391712,0.21134664843391712
rpg_box01,19.939703199790525,5.0111191213244135,0,1,0,0,0,0.23843370810706693,0.23843370810706693,0.23843370810706693
rpg_box01,19.931442035538577,6.855503234173222,0,1,0,0,0,0.2797818610670578,0.2797818610670578,0.2797818610670578
rpg_box01,20.039926348490777,8.296318529585355,0,1,0,0,0,0.2116089551866704,0.2116089551866704,0.2116089551866704
rpg_box01,20.020999241771865,10.187088292040608,0,1,0,0,0,0.2141025533605449,0.2141025533605449,0.2141025533605449
rpg_box01,21.429302342305608,-9.950435079162641,0,1,0,0,0,0.28604753652213644,0.28604753652213644,0.28604753652213644
rpg_box01,21.542439192039794,-8.208004482665375,0,1,0,0,0,0.24897702051570206,0.24897702051570206,0.24897702051570206
rpg_box01,21.402566977318738,-6.679034937032289,0,1,0,0,0,0.23544153831597678,0.23544153831597678,0.23544153831597678
rpg_box01,21.515878517437752,-5.16340202041112,0,1,0,0,0,0.2666555311403583,0.2666555311403583,0.2666555311403583
rpg_box01,21.68610287377949,-3.4524672872690014,0,1,0,0,0,0.24700873266442747,0.24700873266442747,0.24700873266442747
rpg_box01,21.590197482153307,-2.0671696708974134,0,1,0,0,0,0.2343532757321178,0.2343532757321178,0.2343532757321178
rpg_box01,21.41754050219605,-0.3389493504162428,0,1,0,0,0,0.2305936936984401,0.2305936936984401,0.2305936936984401
rpg_box01,21.408946743319675,0.9674142243318509,0,1,0,0,0,0.24440591727364225,0.24440591727364225,0.24440591727364225
rpg_box01,21.66247021321736,2.888845213470399,0,1,0,0,0,0.21915237929360296,0.21915237929360296,0.21915237929360296
rpg_box01,21.410365969687675,4.422084452897886,0,1,0,0,0,0.22050249779809278,0.22050249779809278,0.22050249779809278
rpg_box01,21.60180367738752,5.76369784924408,0,1,0,0,0,0.28126281649760176,0.28126281649760176,0.28126281649760176
rpg_box01,21.4219665411617,7.3660643542356485,0,1,0,0,0,0.28050693832954743,0.28050693832954743,0.28050693832954743
rpg_box01,21.50071221065686,9.387291056270513,0,1,0,0,0,0.2829449736157215,0.2829449736157215,0.2829449736157215
rpg_box01,23.110269489857963,-9.097184378334866,0,1,0,0,0,0.21667051117677133,0.21667051117677133,0.21667051117677133
rpg_box01,22.952009470039098,-7.499387099128211,0,1,0,0,0,0.265167285545297,0.265167285545297,0.265167285545297
rpg_box01,23.216709653253282,-6.076611466294994,0,1,0,0,0,0.2712883366691045,0.2712883366691045,0.2712883366691045
rpg_box01,23.027860084629317,-4.519615581926056,0,1,0,0,0,0.2324431281410831,0.2324431281410831,0.2324431281410831
rpg_box01,22.92785688407591,-3.003759747951091,0,1,0,0,0,0.26838243459743577,0.26838243459743577,0.26838243459743577
rpg_box01,23.130385613842705,-1.2552053145884878,0,1,0,0,0,0.2989099638352677,0.2989099638352677,0.2989099638352677
rpg_box01,22.953277402544657,0.2292967451652844,0,1,0,0,0,0.25315106177129987,0.25315106177129987,0.25315106177129987
rpg_box01,23.15880740380404,2.0141955890458036,0,1,0,0,0,0.23219188383037379,0.23219188383037379,0.23219188383037379
rpg_box01,23.158200397928617,3.8270436695539827,0,1,0,0,0,0.23746180558198682,0.23746180558198682,0.23746180558198682
rpg_box01,23.220397546134212,5.397808209096136,0,1,0,0,0,0.2584678351637374,0.2584678351637374,0.2584678351637374
rpg_box01,23.156656159924943,6.741917469025464,0,1,0,0,0,0.2908288938814321,0.2908288938814321,0.2908288938814321
rpg_box01,22.989666454921682,8.318796534049806,0,1,0,0,0,0.2017754358583596,0.2017754358583596,0.2017754358583596
rpg_box01,23.19255695195322,9.851784403504253,0,1,0,0,0,0.25844704383696027,0.25844704383696027,0.25844704383696027
rpg_box01,24.570944906145815,-10.176815255223884,0,1,0,0,0,0.2914601946443936,0.2914601946443936,0.2914601946443936
rpg_box01,24.658388053269743,-8.572153989178055,0,1,0,0,0,0.2477725390322652,0.2477725390322652,0.2477725390322652
rpg_box01,24.673544253262687,-7.0007263420273755,0,1,0,0,0,0.29561634596268194,0.29561634596268194,0.29561634596268194
rpg_box01,24.5742079592535,-5.24221248855798,0,1,0,0,0,0.22355166394004963,0.22355166394004963,0.22355166394004963
rpg_box01,24.682876197635924,-3.4073625311179967,0,1,0,0,0,0.25734583609506456,0.25734583609506456,0.25734583609506456
rpg_box01,24.676861391683683,-1.9765662366475576,0,1,0,0,0,0.2649993068723223,0.2649993068723223,0.2649993068723223
rpg_box01,24.69150954067918,-0.627035598742714,0,1,0,0,0,0.27404400274711843,0.27404400274711843,0.27404400274711843
rpg_box01,24.60761206408322,1.0108364861496664,0,1,0,0,0,0.2364837500825855,0.2364837500825855,0.2364837500825855
rpg_box01,24.664182385245958,2.604819370698586,0,1,0,0,0,0.29263561486404666,0.29263561486404666,0.29263561486404666
rpg_box01,24.5783792170388,4.586198201398071,0,1,0,0,0,0.21790605958509357,0.21790605958509357,0.21790605958509357
rpg_box01,24.606712175882876,5.9986437306967755,0,1,0,0,0,0.26026096113733443,0.26026096113733443,0.26026096113733443
rpg_box01,24.541265371167157,7.448319811636533,0,1,0,0,0,0.27814547433742687,0.27814547433742687,0.27814547433742687
rpg_box01,24.686579941505205,9.102643567943186,0,1,0,0,0,0.20969492494208347,0.20969492494208347,0.20969492494208347
rpg_box01,26.172294420135657,-9.245156210690046,0,1,0,0,0,0.20771186913908138,0.20771186913908138,0.20771186913908138
rpg_box01,26.065915082078238,-7.821336564607725,0,1,0,0,0,0.22146439039128218,0.22146439039128218,0.22146439039128218
rpg_box01,26.105800781468066,-5.861071656288783,0,1,0,0,0,0.26766533864465036,0.26766533864465036,0.26766533864465036
rpg_box01,26.09285982138564,-4.281163088112363,0,1,0,0,0,0.24128040509878684,0.24128040509878684,0.24128040509878684
rpg_box01,26.30612244921132,-2.6896596475872823,0,1,0,0,0,0.23965176742666477,0.23965176742666477,0.23965176742666477
rpg_box01,26.07244347913974,-0.9659003192167466,0,1,0,0,0,0.2652588470899184,0.2652588470899184,0.2652588470899184
rpg_box01,26.058649552265695,0.38674725490805856,0,1,0,0,0,0.22963609347775155,0.22963609347775155,0.22963609347775155
rpg_box01,26.276415189908356,2.1228434738295805,0,1,0,0,0,0.2393462727415963,0.2393462727415963,0.2393462727415963
rpg_box01,26.026343194489055,3.64741895129941,0,1,0,0,0,0.20576126692593072,0.20576126692593072,0.20576126692593072
rpg_box01,26.294098326947093,5.120747502938139,0,1,0,0,0,0.26399686569566533,0.26399686569566533,0.26399686569566533
rpg_box01,26.072932947054024,6.673318899586466,0,1,0,0,0,0.29122806719285993,0.29122806719285993,0.29122806719285993
rpg_box01,26.198754778445977,8.53160711616725,0,1,0,0,0,0.2561077723540939,0.2561077723540939,0.2561077723540939
rpg_box01,26.02169118198906,10.127714213193748,0,1,0,0,0,0.26378364694986917,0.26378364694986917,0.26378364694986917
rpg_box01,27.66143754184377,-9.896186543558409,0,1,0,0,0,0.23121192199384982,0.23121192199384982,0.23121192199384982
rpg_box01,27.74014501238538,-8.267513707708531,0,1,0,0,0,0.23592583320045046,0.23592583320045046,0.23592583320045046
rpg_box01,27.620018996804212,-7.034750548062851,0,1,0,0,0,0.2756009154505111,0.2756009154505111,0.2756009154505111
rpg_box01,27.689391672507963,-5.079616878833664,0,1,0,0,0,0.27927922049105836,0.27927922049105836,0.27927922049105836
rpg_box01,27.581315828121895,-3.655250317936124,0,1,0,0,0,0.2848569591603177,0.2848569591603177,0.2848569591603177
rpg_box01,27.667915883586105,-1.8380427354971538,0,1,0,0,0,0.267217008742296,0.267217008742296,0.267217008742296
rpg_box01,27.624961049367684,-0.21233697299949056,0,1,0,0,0,0.2382392740945975,0.2382392740945975,0.2382392740945975
rpg_box01,27.63383007535649,1.0866907628268372,0,1,0,0,0,0.2547249970935296,0.2547249970935296,0.2547249970935296
rpg_box01,27.5852257208388,2.6189857257910467,0,1,0,0,0,0.23528060807581908,0.23528060807581908,0.23528060807581908
rpg_box01,27.62454169365068,4.227579388502114,0,1,0,0,0,0.22541435403847415,0.22541435403847415,0.22541435403847415
rpg_box01,27.72964954946095,5.821522503485804,0,1,0,0,0,0.2542614024347738,0.2542614024347738,0.2542614024347738
rpg_box01,27.73033203227646,7.750316855901982,0,1,0,0,0,0.26418498803876433,0.26418498803876433,0.26418498803876433
rpg_box01,27.71950565076394,9.15364389953327,0,1,0,0,0,0.23023187260074082,0.23023187260074082,0.23023187260074082
rpg_box01,29.300912900366296,-9.057463400098328,0,1,0,0,0,0.2917242250875231,0.2917242250875231,0.2917242250875231
rpg_box01,29.1259927190115,-7.769606507236757,0,1,0,0,0,0.22091349019884254,0.22091349019884254,0.22091349019884254
rpg_box01,29.370379048143164,-6.108804477333287,0,1,0,0,0,0.24040739972816236,0.24040739972816236,0.24040739972816236
rpg_box01,29.27738077261156,-4.622759957190955,0,1,0,0,0,0.26086208377574566,0.26086208377574566,0.26086208377574566
rpg_box01,29.126010758538342,-3.0314760686589235,0,1,0,0,0,0.21492065502752314,0.21492065502752314,0.21492065502752314
rpg_box01,29.178529593089987,-1.2128885159383942,0,1,0,0,0,0.2562822457975758,0.2562822457975758,0.2562822457975758
rpg_box01,29.11926170610958,0.2308711145710174,0,1,0,0,0,0.20455960674143178,0.20455960674143178,0.20455960674143178
rpg_box01,29.310817658546238,2.127369002848722,0,1,0,0,0,0.24000050136081097,0.24000050136081097,0.24000050136081097
rpg_box01,29.215664314739787,3.7120915137983963,0,1,0,0,0,0.26948014065151676,0.26948014065151676,0.26948014065151676
rpg_box01,29.346812073378047,5.422053271159851,0,1,0,0,0,0.25966831475285895,0.25966831475285895,0.25966831475285895
rpg_box01,29.185071306044737,6.616755451865697,0,1,0,0,0,0.2736263453841644,0.2736263453841644,0.2736263453841644
rpg_box01,29.13025472945152,8.249297270902037,0,1,0,0,0,0.22769697130693986,0.22769697130693986,0.22769697130693986
rpg_box01,29.199645704039074,10.090867728968904,0,1,0,0,0,0.2278088781817435,0.2278088781817435,0.2278088781817435
rpg_box01,30.801869503400752,-9.791363818776652,0,1,0,0,0,0.2791139482023555,0.2791139482023555,0.2791139482023555
rpg_box01,30.669418419650416,-8.506094457829812,0,1,0,0,0,0.2427534249108913,0.2427534249108913,0.2427534249108913
rpg_box01,30.64241997251225,-6.789003282105249,0,1,0,0,0,0.2632560405100795,0.2632560405100795,0.2632560405100795
rpg_box01,30.861475803017605,-5.249578381802967,0,1,0,0,0,0.2760672453383116,0.2760672453383116,0.2760672453383116
rpg_box01,30.898739360950437,-3.7142400153321065,0,1,0,0,0,0.20633755320534153,0.20633755320534153,0.20633755320534153
rpg_box01,30.691561168558902,-2.0301745124862793,0,1,0,0,0,0.22199787963489206,0.22199787963489206,0.22199787963489206
rpg_box01,30.62410630955619,-0.5676443278457161,0,1,0,0,0,0.20531140692265565,0.20531140692265565,0.20531140692265565
rpg_box01,30.775794044321785,1.2312033126318687,0,1,0,0,0,0.22004501056404563,0.22004501056404563,0.22004501056404563
rpg_box01,30.890899775011825,3.024718134153799,0,1,0,0,0,0.24363812045032524,0.24363812045032524,0.24363812045032524
rpg_box01,30.772989671615967,4.382511140666425,0,1,0,0,0,0.26176266773645906,0.26176266773645906,0.26176266773645906
rpg_box01,30.685786010842094,6.1426412851271515,0,1,0,0,0,0.23426266120423148,0.23426266120423148,0.23426266120423148
rpg_box01,30.825146350143104,7.70599744095833,0,1,0,0,0,0.2986379019353336,0.2986379019353336,0.2986379019353336
rpg_box01,30.646905031236575,9.120320126624968,0,1,0,0,0,0.2534399975777997,0.2534399975777997,0.2534399975777997
rpg_box01,32.322693353025564,-9.066444985157554,0,1,0,0,0,0.2955208704653951,0.2955208704653951,0.2955208704653951
rpg_box01,32.25162812129812,-7.581620434289021,0,1,0,0,0,0.24881763033726,0.24881763033726,0.24881763033726
rpg_box01,32.38986739495694,-6.198559966731831,0,1,0,0,0,0.22529199385993023,0.22529199385993023,0.22529199385993023
rpg_box01,32.39684041025242,-4.518632080663292,0,1,0,0,0,0.29681360443076593,0.29681360443076593,0.29681360443076593
rpg_box01,32.19043311308603,-2.566739573429022,0,1,0,0,0,0.23017833901341206,0.23017833901341206,0.23017833901341206
rpg_box01,32.44805158704257,-1.1118830339680987,0,1,0,0,0,0.24656175738433414,0.24656175738433414,0.24656175738433414
rpg_box01,32.168238222442454,0.27979227839172305,0,1,0,0,0,0.27907572216455856,0.27907572216455856,0.27907572216455856
rpg_box01,32.36029943522137,2.113188153804339,0,1,0,0,0,0.2505271965546985,0.2505271965546985,0.2505271965546985
rpg_box01,32.29754443188107,3.7578596417908443,0,1,0,0,0,0.23863559467956938,0.23863559467956938,0.23863559467956938
rpg_box01,32.41229251277962,5.377751087037478,0,1,0,0,0,0.281232438341024,0.281232438341024,0.281232438341024
rpg_box01,32.3760901467768,7.002353356012092,0,1,0,0,0,0.2704049565887643,0.2704049565887643,0.2704049565887643
rpg_box01,32.40943684888065,8.363985102585072,0,1,0,0,0,0.2750298709489725,0.2750298709489725,0.2750298709489725
rpg_box01,32.328331738907494,9.94421903910164,0,1,0,0,0,0.25572436513034363,0.25572436513034363,0.25572436513034363
rpg_box01,33.903373374426614,-10.216154216848595,0,1,0,0,0,0.27972749477539854,0.27972749477539854,0.27972749477539854
rpg_box01,33.99887779870562,-8.338200239713336,0,1,0,0,0,0.2504328751480787,0.2504328751480787,0.2504328751480787
rpg_box01,33.897018922338404,-6.563379949273951,0,1,0,0,0,0.20946629903917674,0.20946629903917674,0.20946629903917674
rpg_box01,33.76077563709218,-5.110596745145594,0,1,0,0,0,0.2823421641842668,0.2823421641842668,0.2823421641842668
rpg_box01,33.948711475338335,-3.5735031737774055,0,1,0,0,0,0.23911386074821567,0.23911386074821567,0.23911386074821567
rpg_box01,33.78006728260706,-1.9398139027526184,0,1,0,0,0,0.2393722565894032,0.2393722565894032,0.2393722565894032
rpg_box01,33.97196180224115,-0.4367382293690228,0,1,0,0,0,0.25185949853960693,0.25185949853960693,0.25185949853960693
rpg_box01,33.90400754166405,1.1070665538361955,0,1,0,0,0,0.25742467274547404,0.25742467274547404,0.25742467274547404
rpg_box01,33.971453306783744,2.8458449396383587,0,1,0,0,0,0.26881976091370685,0.26881976091370685,0.26881976091370685
rpg_box01,33.9890670145614,4.1933665188762035,0,1,0,0,0,0.28758807165607864,0.28758807165607864,0.28758807165607864
rpg_box01,33.904628985303695,6.035218470781075,0,1,0,0,0,0.2811920327097441,0.2811920327097441,0.2811920327097441
rpg_box01,33.776718528556515,7.522429825978621,0,1,0,0,0,0.22686548632325834,0.22686548632325834,0.22686548632325834
rpg_box01,33.7456126525668,9.300232251373183,0,1,0,0,0,0.27956438648471194,0.27956438648471194,0.27956438648471194
rpg_box01,35.36576355323793,-9.047047169790812,0,1,0,0,0,0.2515694645612452,0.2515694645612452,0.2515694645612452
rpg_box01,35.392092303652625,-7.414172517632118,0,1,0,0,0,0.20498626238132278,0.20498626238132278,0.20498626238132278
rpg_box01,35.42981233208999,-5.9213854159878805,0,1,0,0,0,0.2503916708140694,0.2503916708140694,0.2503916708140694
rpg_box01,35.402088314370985,-4.546847484618368,0,1,0,0,0,0.2677313545988062,0.2677313545988062,0.2677313545988062
rpg_box01,35.265975033495856,-2.8064709820595666,0,1,0,0,0,0.20486854434015042,0.20486854434015042,0.20486854434015042
rpg_box01,35.333266955682035,-1.3054265809355976,0,1,0,0,0,0.26854522385426993,0.26854522385426993,0.26854522385426993
rpg_box01,35.4462209349274,0.5077997191219701,0,1,0,0,0,0.22030072548265522,0.22030072548265522,0.22030072548265522
rpg_box01,35.41281245348671,2.132596105703531,0,1,0,0,0,0.22890122961622733,0.22890122961622733,0.22890122961622733
rpg_box01,35.31868569011752,3.7020181211654166,0,1,0,0,0,0.26279587707168595,0.26279587707168595,0.26279587707168595
rpg_box01,35.40966944981868,5.39079309643365,0,1,0,0,0,0.20374363423164715,0.20374363423164715,0.20374363423164715
rpg_box01,35.31767764723093,6.57021093920722,0,1,0,0,0,0.2533762697897834,0.2533762697897834,0.2533762697897834
rpg_box01,35.3340558077582,8.588694019224743,0,1,0,0,0,0.29107280287206544,0.29107280287206544,0.29107280287206544
rpg_box01,35.42279873426242,9.780813923795646,0,1,0,0,0,0.20709815397114753,0.20709815397114753,0.20709815397114753
rpg_box01,36.971369371678726,-9.824690810553761,0,1,0,0,0,0.22135797750173059,0.22135797750173059,0.22135797750173059
rpg_box01,36.88341954450001,-8.598132577690617,0,1,0,0,0,0.26422637196018706,0.26422637196018706,0.26422637196018706
rpg_box01,37.0419315524757,-6.899757579923565,0,1,0,0,0,0.2020278469438097,0.2020278469438097,0.2020278469438097
rpg_box01,36.835027700362474,-5.229255171902541,0,1,0,0,0,0.20498604629164255,0.20498604629164255,0.20498604629164255
rpg_box01,37.073536333087915,-3.471535263402062,0,1,0,0,0,0.2086878771025208,0.2086878771025208,0.2086878771025208
rpg_box01,37.057816431011744,-2.09401577806907,0,1,0,0,0,0.29765446323072775,0.29765446323072775,0.29765446323072775
rpg_box01,36.90647461163888,-0.2640494284037917,0,1,0,0,0,0.20497449730025766,0.20497449730025766,0.20497449730025766
rpg_box01,36.849029079799216,1.078160827673833,0,1,0,0,0,0.24835878940589368,0.24835878940589368,0.24835878940589368
rpg_box01,36.958863552422336,2.6629162220059435,0,1,0,0,0,0.21621143471909982,0.21621143471909982,0.21621143471909982
rpg_box01,36.798430705114946,4.601135800059399,0,1,0,0,0,0.24651105165565085,0.24651105165565085,0.24651105165565085
rpg_box01,36.81068865714738,6.2090197027933005,0,1,0,0,0,0.2655707201370647,0.2655707201370647,0.2655707201370647
rpg_box01,36.90099030576185,7.482650354592663,0,1,0,0,0,0.22718906721209595,0.22718906721209595,0.22718906721209595
rpg_box01,36.95430867954485,9.092092769984408,0,1,0,0,0,0.26221327922790355,0.26221327922790355,0.26221327922790355
rpg_box01,38.36047960602304,-9.15967854243359,0,1,0,0,0,0.23858237928475062,0.23858237928475062,0.23858237928475062
rpg_box01,38.48490499109367,-7.716570975963249,0,1,0,0,0,0.22328240045983108,0.22328240045983108,0.22328240045983108
rpg_box01,38.35595175459241,-5.854378713699674,0,1,0,0,0,0.22943789237314802,0.22943789237314802,0.22943789237314802
rpg_box01,38.49711232091924,-4.637154189835998,0,1,0,0,0,0.2442464845084366,0.2442464845084366,0.2442464845084366
rpg_box01,38.35291268536104,-2.6559084142229676,0,1,0,0,0,0.292033885658318,0.292033885658318,0.292033885658318
rpg_box01,38.51248057492315,-1.12016547767727,0,1,0,0,0,0.264492496513723,0.264492496513723,0.264492496513723
rpg_box01,38.35039857485517,0.16998986422439585,0,1,0,0,0,0.23383678051562598,0.23383678051562598,0.23383678051562598
rpg_box01,38.61525002604604,1.8030139883390612,0,1,0,0,0,0.29590825971344215,0.29590825971344215,0.29590825971344215
rpg_box01,38.40571298298821,3.5578776620284347,0,1,0,0,0,0.20073091737292692,0.20073091737292692,0.20073091737292692
rpg_box01,38.52834211695342,5.374412151108965,0,1,0,0,0,0.2108622392486098,0.2108622392486098,0.2108622392486098
rpg_box01,38.51569407325439,6.880002181342552,0,1,0,0,0,0.2998291035787483,0.2998291035787483,0.2998291035787483
rpg_box01,38.4520573197221,8.215990589930751,0,1,0,0,0,0.23413233971846975,0.23413233971846975,0.23413233971846975
rpg_box01,38.36308310524792,9.771706691760158,0,1,0,0,0,0.26655173169105945,0.26655173169105945,0.26655173169105945
rpg_box01,39.888773180346995,-9.841815456237343,0,1,0,0,0,0.26539911620328566,0.26539911620328566,0.26539911620328566
rpg_box01,40.10466851025054,-8.533796088183243,0,1,0,0,0,0.28808987708927336,0.28808987708927336,0.28808987708927336
rpg_box01,40.091654880555836,-6.961955553346134,0,1,0,0,0,0.2612080372533781,0.2612080372533781,0.2612080372533781
rpg_box01,40.04581938481683,-4.987607131611152,0,1,0,0,0,0.21779269854294167,0.21779269854294167,0.21779269854294167
rpg_box01,40.1272399188668,-3.809269685369689,0,1,0,0,0,0.28420436958794437,0.28420436958794437,0.28420436958794437
rpg_box01,39.876097259438225,-1.8961314972129106,0,1,0,0,0,0.29436313478321835,0.29436313478321835,0.29436313478321835
rpg_box01,39.90630993026916,-0.2790733408095421,0,1,0,0,0,0.2505674220732488,0.2505674220732488,0.2505674220732488
rpg_box01,40.06553141070367,1.3729635458512712,0,1,0,0,0,0.2432881908839516,0.2432881908839516,0.2432881908839516
rpg_box01,40.07898932448009,2.708345939911231,0,1,0,0,0,0.2718298997852402,0.2718298997852402,0.2718298997852402
rpg_box01,40.1532580605882,4.406571209975384,0,1,0,0,0,0.20816421743773766,0.20816421743773766,0.20816421743773766
rpg_box01,39.94626746462915,6.211731758883044,0,1,0,0,0,0.2253499618455496,0.2253499618455496,0.2253499618455496
rpg_box01,40.06677782107266,7.472567105542242,0,1,0,0,0,0.2497420059037504,0.2497420059037504,0.2497420059037504
rpg_box01,39.8791660931038,9.110963636102493,0,1,0,0,0,0.23694512972393375,0.23694512972393375,0.23694512972393375
rpg_box01,41.39010205158523,-8.98238674527566,0,1,0,0,0,0.22842512700942363,0.22842512700942363,0.22842512700942363
rpg_box01,41.44727968922175,-7.811690975580649,0,1,0,0,0,0.2755419461507859,0.2755419461507859,0.2755419461507859
rpg_box01,41.586239176086636,-6.1515123022130895,0,1,0,0,0,0.20551456284431377,0.20551456284431377,0.20551456284431377
rpg_box01,41.62100125679021,-4.380448097081817,0,1,0,0,0,0.22961275991713176,0.22961275991713176,0.22961275991713176
rpg_box01,41.65660502108197,-2.756695152208246,0,1,0,0,0,0.2173343074551563,0.2173343074551563,0.2173343074551563
rpg_box01,41.56233867344402,-1.3940810170334665,0,1,0,0,0,0.25841245176969047,0.25841245176969047,0.25841245176969047
rpg_box01,41.42373103728001,0.47943822189764446,0,1,0,0,0,0.270462852361997,0.270462852361997,0.270462852361997
rpg_box01,41.641466228389866,2.1100977246433628,0,1,0,0,0,0.2692392301044715,0.2692392301044715,0.2692392301044715
rpg_box01,41.581054806582294,3.8169734909842346,0,1,0,0,0,0.20705564497512688,0.20705564497512688,0.20705564497512688
rpg_box01,41.59641504692359,5.305851789965278,0,1,0,0,0,0.2778024624592899,0.2778024624592899,0.2778024624592899
rpg_box01,41.440627254634045,6.896151492888381,0,1,0,0,0,0.2926768663028352,0.2926768663028352,0.2926768663028352
rpg_box01,41.68105941934205,8.4585243260548,0,1,0,0,0,0.23705815128757263,0.23705815128757263,0.23705815128757263
rpg_box01,41.45445528881624,10.167504733972974,0,1,0,0,0,0.2564224294194469,0.2564224294194469,0.2564224294194469
rpg_box01,43.084313092677036,-9.85893200008621,0,1,0,0,0,0.2312117735339123,0.2312117735339123,0.2312117735339123
rpg_box01,43.07049686123347,-8.24773826239884,0,1,0,0,0,0.24103701352191353,0.24103701352191353,0.24103701352191353
rpg_box01,43.07192328465237,-6.677385465764955,0,1,0,0,0,0.29900689906881406,0.29900689906881406,0.29900689906881406
rpg_box01,43.10223187571637,-5.21129125971388,0,1,0,0,0,0.2437515297022197,0.2437515297022197,0.2437515297022197
rpg_box01,43.11155822251606,-3.668402823270753,0,1,0,0,0,0.25739636614374045,0.25739636614374045,0.25739636614374045
rpg_box01,43.107222806665554,-1.8752583081043865,0,1,0,0,0,0.22110882517144886,0.22110882517144886,0.22110882517144886
rpg_box01,43.07337666569964,-0.385097533195183,0,1,0,0,0,0.2733800555431889,0.2733800555431889,0.2733800555431889
rpg_box01,43.11373696736791,1.3086542440986493,0,1,0,0,0,0.274950005617434,0.274950005617434,0.274950005617434
rpg_box01,43.08932269138844,2.577366921366025,0,1,0,0,0,0.23210361038549449,0.23210361038549449,0.23210361038549449
rpg_box01,43.06232841527596,4.424634204622058,0,1,0,0,0,0.2777305647411876,0.2777305647411876,0.2777305647411876
rpg_box01,43.11474003805656,5.900847059940085,0,1,0,0,0,0.2804026929392846,0.2804026929392846,0.2804026929392846
rpg_box01,43.01122404971855,7.5557920309842626,0,1,0,0,0,0.23491117493486768,0.23491117493486768,0.23491117493486768
rpg_box01,43.198335700372034,9.087895532297406,0,1,0,0,0,0.24799597121646574,0.24799597121646574,0.24799597121646574
rpg_box01,44.745468793844154,-9.423031728283611,0,1,0,0,0,0.2784008014492958,0.2784008014492958,0.2784008014492958
rpg_box01,44.48156119752469,-7.361544466914602,0,1,0,0,0,0.2930803864515043,0.2930803864515043,0.2930803864515043
rpg_box01,44.61795137462276,-6.169753848315585,0,1,0,0,0,0.22162520914672032,0.22162520914672032,0.22162520914672032
rpg_box01,44.56675802889032,-4.208384273368747,0,1,0,0,0,0.21539281691943535,0.21539281691943535,0.21539281691943535
rpg_box01,44.570941638497274,-2.631340264410435,0,1,0,0,0,0.22630846740283372,0.22630846740283372,0.22630846740283372
rpg_box01,44.5243517814454,-1.1652935185046411,0,1,0,0,0,0.28006520755608777,0.28006520755608777,0.28006520755608777
rpg_box01,44.68103661487484,0.3731388477194599,0,1,0,0,0,0.2800320522718389,0.2800320522718389,0.2800320522718389
rpg_box01,44.643054428297084,1.7938363269194293,0,1,0,0,0,0.26000908961606484,0.26000908961606484,0.26000908961606484
rpg_box01,44.75679541445085,3.3733016451159443,0,1,0,0,0,0.2915975120283093,0.2915975120283093,0.2915975120283093
rpg_box01,44.71349323816669,5.089700691452688,0,1,0,0,0,0.2108465290336473,0.2108465290336473,0.2108465290336473
rpg_box01,44.658550277580474,6.696995021590335,0,1,0,0,0,0.2535142335625231,0.2535142335625231,0.2535142335625231
rpg_box01,44.58386112061447,8.591814824133152,0,1,0,0,0,0.22398100447091598,0.22398100447091598,0.22398100447091598
rpg_box01,44.59279562072228,9.872609896076348,0,1,0,0,0,0.2401352476818101,0.2401352476818101,0.2401352476818101
rpg_box01,46.09050128277002,-9.768343436799592,0,1,0,0,0,0.27744103141654347,0.27744103141654347,0.27744103141654347
rpg_box01,46.17191210175985,-8.546180142065655,0,1,0,0,0,0.2575189354673142,0.2575189354673142,0.2575189354673142
rpg_box01,46.114145020931275,-6.861403525805806,0,1,0,0,0,0.22636789424811307,0.22636789424811307,0.22636789424811307
rpg_box01,46.300931108227374,-5.342083088862537,0,1,0,0,0,0.20003820836521885,0.20003820836521885,0.20003820836521885
rpg_box01,46.06634498111245,-3.8292763944810004,0,1,0,0,0,0.2508159947196399,0.2508159947196399,0.2508159947196399
rpg_box01,46.15331784233185,-1.8023422164109748,0,1,0,0,0,0.264591148135025,0.264591148135025,0.264591148135025
rpg_box01,46.08049695420462,-0.45400369281142205,0,1,0,0,0,0.2169038209347453,0.2169038209347453,0.2169038209347453
rpg_box01,46.30564875959506,0.963814680745314,0,1,0,0,0,0.2885428934594486,0.2885428934594486,0.2885428934594486
rpg_box01,46.19450378039343,2.6898819532216853,0,1,0,0,0,0.2540347877974692,0.2540347877974692,0.2540347877974692
rpg_box01,46.1295919839699,4.586584031415944,0,1,0,0,0,0.24103304685703855,0.24103304685703855,0.24103304685703855
rpg_box01,46.0477431304059,5.97906466764395,0,1,0,0,0,0.2635637343950498,0.2635637343950498,0.2635637343950498
rpg_box01,46.04318080784558,7.405614224338378,0,1,0,0,0,0.24570342146775093,0.24570342146775093,0.24570342146775093
rpg_box01,46.276318126564895,9.05823770059351,0,1,0,0,0,0.2199024437841054,0.2199024437841054,0.2199024437841054
rpg_box01,47.83098205085441,-9.387956097850628,0,1,0,0,0,0.2669890144790533,0.2669890144790533,0.2669890144790533
rpg_box01,47.59656954901676,-7.7116070751861905,0,1,0,0,0,0.2854780899756684,0.2854780899756684,0.2854780899756684
rpg_box01,47.768462678903745,-6.109036973692301,0,1,0,0,0,0.20396925668337149,0.20396925668337149,0.20396925668337149
rpg_box01,47.842522358365336,-4.482089226286642,0,1,0,0,0,0.2534473176545373,0.2534473176545373,0.2534473176545373
rpg_box01,47.67933718375875,-2.715967704225052,0,1,0,0,0,0.29133993192371294,0.29133993192371294,0.29133993192371294
rpg_box01,47.64511178979471,-1.2346660822618187,0,1,0,0,0,0.29571328016940074,0.29571328016940074,0.29571328016940074
rpg_box01,47.69518705903484,0.5090592097862607,0,1,0,0,0,0.2333312248429996,0.2333312248429996,0.2333312248429996
rpg_box01,47.713880490171356,2.015005825150807,0,1,0,0,0,0.2465714886334176,0.2465714886334176,0.2465714886334176
rpg_box01,47.6502219216689,3.784991004750008,0,1,0,0,0,0.25095615266603527,0.25095615266603527,0.25095615266603527
rpg_box01,47.66977171155272,5.016606260203533,0,1,0,0,0,0.2677200591695064,0.2677200591695064,0.2677200591695064
rpg_box01,47.75647700377881,6.5958181551819575,0,1,0,0,0,0.2599024484858405,0.2599024484858405,0.2599024484858405
rpg_box01,47.74060707857957,8.22105380753964,0,1,0,0,0,0.29876449189633125,0.29876449189633125,0.29876449189633125
rpg_box01,47.63555194535582,10.176465954255859,0,1,0,0,0,0.22921796526053595,0.22921796526053595,0.22921796526053595
rpg_box01,49.28947662178824,-9.786555084470155,0,1,0,0,0,0.22105032165906224,0.22105032165906224,0.22105032165906224
rpg_box01,49.13222920992168,-8.536561601199715,0,1,0,0,0,0.26439693872944414,0.26439693872944414,0.26439693872944414
rpg_box01,49.23413018040721,-6.780400452719727,0,1,0,0,0,0.21478926255872882,0.21478926255872882,0.21478926255872882
rpg_box01,49.15210358786226,-5.401014773142594,0,1,0,0,0,0.293795272745052,0.293795272745052,0.293795272745052
rpg_box01,49.10323131467981,-3.8332769743120108,0,1,0,0,0,0.25648788986037385,0.25648788986037385,0.25648788986037385
rpg_box01,49.25081848084046,-2.0658379314767945,0,1,0,0,0,0.2030486407008289,0.2030486407008289,0.2030486407008289
rpg_box01,49.260295266581345,-0.40623064448535545,0,1,0,0,0,0.20004943876294062,0.20004943876294062,0.20004943876294062
rpg_box01,49.10647550462888,1.1582238062833095,0,1,0,0,0,0.24069680943728272,0.24069680943728272,0.24069680943728272
rpg_box01,49.29954848045455,2.712949264964817,0,1,0,0,0,0.25092607037095954,0.25092607037095954,0.25092607037095954
rpg_box01,49.28001660441722,4.4307011852831755,0,1,0,0,0,0.27437866264001926,0.27437866264001926,0.27437866264001926
rpg_box01,49.353909078195585,6.149295751152846,0,1,0,0,0,0.2294021856093644,0.2294021856093644,0.2294021856093644
rpg_box01,49.15161217287397,7.446821237338561,0,1,0,0,0,0.23987569378505522,0.23987569378505522,0.23987569378505522
rpg_box01,49.15339098217392,9.056895110653258,0,1,0,0,0,0.20083688494461352,0.20083688494461352,0.20083688494461352
rpg_box01,50.85496419392446,-9.128697738691333,0,1,0,0,0,0.2600304406136562,0.2600304406136562,0.2600304406136562
rpg_box01,50.835418606738074,-7.828917119557175,0,1,0,0,0,0.29841651023935345,0.29841651023935345,0.29841651023935345
rpg_box01,50.720664339799285,-5.912404143286115,0,1,0,0,0,0.20301064054342374,0.20301064054342374,0.20301064054342374
rpg_box01,50.66452489222003,-4.406260436917832,0,1,0,0,0,0.22581288515422204,0.22581288515422204,0.22581288515422204
rpg_box01,50.891304339693676,-2.690925418443403,0,1,0,0,0,0.266891969305178,0.266891969305178,0.266891969305178
rpg_box01,50.875044633432054,-1.381626708250697,0,1,0,0,0,0.22031721916969418,0.22031721916969418,0.22031721916969418
rpg_box01,50.64277219881167,0.2129166951782344,0,1,0,0,0,0.29105205556726554,0.29105205556726554,0.29105205556726554
rpg_box01,50.70551708518029,2.226880132164539,0,1,0,0,0,0.22047727565086592,0.22047727565086592,0.22047727565086592
rpg_box01,50.853399165096086,3.51088593278681,0,1,0,0,0,0.20356784266480032,0.20356784266480032,0.20356784266480032
rpg_box01,50.66354819371272,5.35341955816134,0,1,0,0,0,0.2187822146859756,0.2187822146859756,0.2187822146859756
rpg_box01,50.91225773650749,6.792629527250444,0,1,0,0,0,0.25537148403017623,0.25537148403017623,0.25537148403017623
rpg_box01,50.898841734450464,8.492764590848402,0,1,0,0,0,0.2297540647708889,0.2297540647708889,0.2297540647708889
rpg_box01,50.91932812432567,9.872482562516462,0,1,0,0,0,0.22600927991952843,0.22600927991952843,0.22600927991952843
rpg_box01,52.4212824705665,-10.085747480337796,0,1,0,0,0,0.26130204044313604,0.26130204044313604,0.26130204044313604
rpg_box01,52.413202719511865,-8.585172388450617,0,1,0,0,0,0.26447388996852456,0.26447388996852456,0.26447388996852456
rpg_box01,52.18465978102056,-6.838266588148279,0,1,0,0,0,0.2868246174306617,0.2868246174306617,0.2868246174306617
rpg_box01,52.378153476964556,-5.355184410593,0,1,0,0,0,0.2942115476659554,0.2942115476659554,0.2942115476659554
rpg_box01,52.361262172935675,-3.4998766092050397,0,1,0,0,0,0.22711883191052687,0.22711883191052687,0.22711883191052687
rpg_box01,52.389727575694344,-2.139260457807698,0,1,0,0,0,0.2086454271850342,0.2086454271850342,0.2086454271850342
rpg_box01,52.37703786427949,-0.3178583779082637,0,1,0,0,0,0.24032912768766085,0.24032912768766085,0.24032912768766085
rpg_box01,52.38926969514436,1.402116612443325,0,1,0,0,0,0.22054682006066975,0.22054682006066975,0.22054682006066975
rpg_box01,52.31508627126919,2.5684823164802504,0,1,0,0,0,0.2535497330341507,0.2535497330341507,0.2535497330341507
rpg_box01,52.164207159344365,4.2982673090942525,0,1,0,0,0,0.2447295398251735,0.2447295398251735,0.2447295398251735
rpg_box01,52.17231372220815,6.028542030340879,0,1,0,0,0,0.2764722455423605,0.2764722455423605,0.2764722455423605
rpg_box01,52.4440454253367,7.543687853158088,0,1,0,0,0,0.22724813773117716,0.22724813773117716,0.22724813773117716
rpg_box01,52.370823020378126,9.067213080750673,0,1,0,0,0,0.2792071351828584,0.2792071351828584,0.2792071351828584
rpg_box01,53.83820054299765,-9.170965522760644,0,1,0,0,0,0.2916192939730658,0.2916192939730658,0.2916192939730658
rpg_box01,53.817019237367305,-7.637967496686617,0,1,0,0,0,0.2278883121765237,0.2278883121765237,0.2278883121765237
rpg_box01,53.98730261830325,-6.171757672737746,0,1,0,0,0,0.2726618043186352,0.2726618043186352,0.2726618043186352
rpg_box01,53.779097779371554,-4.338092459749026,0,1,0,0,0,0.22898778026128436,0.22898778026128436,0.22898778026128436
rpg_box01,53.91230823707204,-2.835427886558486,0,1,0,0,0,0.21547851891163292,0.21547851891163292,0.21547851891163292
rpg_box01,53.871182478146125,-0.9638187969640536,0,1,0,0,0,0.2862806928484501,0.2862806928484501,0.2862806928484501
rpg_box01,53.78345249811811,0.16918207380531186,0,1,0,0,0,0.2236641463636882,0.2236641463636882,0.2236641463636882
rpg_box01,53.756521994968466,1.9175519290691563,0,1,0,0,0,0.26816806695759776,0.26816806695759776,0.26816806695759776
rpg_box01,53.715742583126165,3.782476763057066,0,1,0,0,0,0.21632646974268094,0.21632646974268094,0.21632646974268094
rpg_box01,53.967173454570535,5.426025901076155,0,1,0,0,0,0.21285019550478715,0.21285019550478715,0.21285019550478715
rpg_box01,53.968999644597815,6.586877668796672,0,1,0,0,0,0.25408661229149454,0.25408661229149454,0.25408661229149454
rpg_box01,53.92793156687667,8.278438018880113,0,1,0,0,0,0.27759148660405214,0.27759148660405214,0.27759148660405214
rpg_box01,53.852847391311364,10.150164009267598,0,1,0,0,0,0.2005933171037031,0.2005933171037031,0.2005933171037031
rpg_box01,55.28302547149342,-10.026376997187965,0,1,0,0,0,0.29863976248280755,0.29863976248280755,0.29863976248280755
rpg_box01,55.29934031633447,-8.309921155458216,0,1,0,0,0,0.2911259813729477,0.2911259813729477,0.2911259813729477
rpg_box01,55.42394107518223,-6.809900756448654,0,1,0,0,0,0.25799717419126544,0.25799717419126544,0.25799717419126544
rpg_box01,55.240252757187,-5.1615871897199685,0,1,0,0,0,0.20984381149243425,0.20984381149243425,0.20984381149243425
rpg_box01,55.304239036635806,-3.487954810304775,0,1,0,0,0,0.2631573647887539,0.2631573647887539,0.2631573647887539
rpg_box01,55.45332775153074,-2.221225251297798,0,1,0,0,0,0.2177836788603897,0.2177836788603897,0.2177836788603897
rpg_box01,55.52322222990113,-0.2778862180098226,0,1,0,0,0,0.2962602075216765,0.2962602075216765,0.2962602075216765
rpg_box01,55.38396419093044,1.4385038059061919,0,1,0,0,0,0.21485422497694595,0.21485422497694595,0.21485422497694595
rpg_box01,55.382440711480186,2.682379460695869,0,1,0,0,0,0.2901972672804756,0.2901972672804756,0.2901972672804756
rpg_box01,55.52174249123933,4.572890959020598,0,1,0,0,0,0.24308983010302504,0.24308983010302504,0.24308983010302504
rpg_box01,55.39885076269421,5.888608529241586,0,1,0,0,0,0.21069544308083643,0.21069544308083643,0.21069544308083643
rpg_box01,55.250654856182244,7.455310858981443,0,1,0,0,0,0.2492324006090882,0.2492324006090882,0.2492324006090882
rpg_box01,55.50370941756354,8.966669404210059,0,1,0,0,0,0.2737154311562175,0.2737154311562175,0.2737154311562175
rpg_box01,56.76930788239745,-9.106946783311026,0,1,0,0,0,0.21265499253694958,0.21265499253694958,0.21265499253694958
rpg_box01,57.017930868030945,-7.57507946961783,0,1,0,0,0,0.2775717477820285,0.2775717477820285,0.2775717477820285
rpg_box01,56.84373416356106,-6.13982570909794,0,1,0,0,0,0.21500091554143652,0.21500091554143652,0.21500091554143652
rpg_box01,56.95571498054908,-4.2933280560707425,0,1,0,0,0,0.28118660523653993,0.28118660523653993,0.28118660523653993
rpg_box01,56.99412421507088,-2.731390925559312,0,1,0,0,0,0.29172373160374987,0.29172373160374987,0.29172373160374987
rpg_box01,57.074798333700464,-0.9834371929286894,0,1,0,0,0,0.2523451469562479,0.2523451469562479,0.2523451469562479
rpg_box01,56.99283546617776,0.40416461783042534,0,1,0,0,0,0.287793367340602,0.287793367340602,0.287793367340602
rpg_box01,56.97135296658092,2.187572824329187,0,1,0,0,0,0.2982066391490327,0.2982066391490327,0.2982066391490327
rpg_box01,57.021421708254,3.7167955932638344,0,1,0,0,0,0.288362426163141,0.288362426163141,0.288362426163141
rpg_box01,56.9372898169999,5.061102971743092,0,1,0,0,0,0.2445586485081314,0.2445586485081314,0.2445586485081314
rpg_box01,56.95584124854077,6.81270576790252,0,1,0,0,0,0.2657780484401705,0.2657780484401705,0.2657780484401705
rpg_box01,56.79223070155065,8.242411386915435,0,1,0,0,0,0.23653375517599945,0.23653375517599945,0.23653375517599945
rpg_box01,56.85820966772198,10.219271503207047,0,1,0,0,0,0.2534832917980855,0.2534832917980855,0.2534832917980855
rpg_box01,58.516175910574205,-9.821820183084153,0,1,0,0,0,0.27225207929430584,0.27225207929430584,0.27225207929430584
rpg_box01,58.548538636944755,-8.354026989685691,0,1,0,0,0,0.2768924404887941,0.2768924404887941,0.2768924404887941
rpg_box01,58.483215203854435,-6.593203618807908,0,1,0,0,0,0.2389033945428205,0.2389033945428205,0.2389033945428205
rpg_box01,58.48107430118086,-5.389248213458032,0,1,0,0,0,0.21354719436212077,0.21354719436212077,0.21354719436212077
rpg_box01,58.542488773287374,-3.391358743472003,0,1,0,0,0,0.2104815859163372,0.2104815859163372,0.2104815859163372
rpg_box01,58.59465430229299,-1.8521590654410043,0,1,0,0,0,0.24976471347888574,0.24976471347888574,0.24976471347888574
rpg_box01,58.35876664623218,-0.2906748866639833,0,1,0,0,0,0.22645741944410203,0.22645741944410203,0.22645741944410203
rpg_box01,58.35274693135364,1.2371932995468222,0,1,0,0,0,0.24449020927582615,0.24449020927582615,0.24449020927582615
rpg_box01,58.371135848061265,2.9003127341957873,0,1,0,0,0,0.22937385966397658,0.22937385966397658,0.22937385966397658
rpg_box01,58.61270357359882,4.24895679847373,0,1,0,0,0,0.26227035818518196,0.26227035818518196,0.26227035818518196
rpg_box01,58.597416142666084,6.123536602204277,0,1,0,0,0,0.2927485099251283,0.2927485099251283,0.2927485099251283
rpg_box01,58.54688666310192,7.732613657156469,0,1,0,0,0,0.2932885609832673,0.2932885609832673,0.2932885609832673
rpg_box01,58.607147631750536,9.213646525907778,0,1,0,0,0,0.25929400319500034,0.25929400319500034,0.25929400319500034
rpg_box01,59.92882665183079,-9.145148465005564,0,1,0,0,0,0.26109423041355845,0.26109423041355845,0.26109423041355845
rpg_box01,60.05880027424078,-7.493357857488844,0,1,0,0,0,0.2589597424310004,0.2589597424310004,0.2589597424310004
rpg_box01,59.975308216325416,-6.088072954462802,0,1,0,0,0,0.2100254737148835,0.2100254737148835,0.2100254737148835
rpg_box01,59.89216823123858,-4.389785282410745,0,1,0,0,0,0.298416151216586,0.298416151216586,0.298416151216586
rpg_box01,59.86580570534475,-2.748253613048696,0,1,0,0,0,0.240583778086558,0.240583778086558,0.240583778086558
rpg_box01,59.968285825537755,-1.4348648406671387,0,1,0,0,0,0.21443453253881717,0.21443453253881717,0.21443453253881717
rpg_box01,60.11413342214159,0.2231086207805687,0,1,0,0,0,0.2563582706130642,0.2563582706130642,0.2563582706130642
rpg_box01,59.889206584440146,1.8467235144348424,0,1,0,0,0,0.2974321616667015,0.2974321616667015,0.2974321616667015
rpg_box01,60.04988873033806,3.7515178929108037,0,1,0,0,0,0.2948468577297641,0.2948468577297641,0.2948468577297641
rpg_box01,60.134630879085364,5.147888857127391,0,1,0,0,0,0.2803943484072083,0.2803943484072083,0.2803943484072083
rpg_box01,60.115586359053374,6.737985896868891,0,1,0,0,0,0.28129853054415965,0.28129853054415965,0.28129853054415965
rpg_box01,59.9832733116626,8.381099937269246,0,1,0,0,0,0.22032256462923774,0.22032256462923774,0.22032256462923774
rpg_box01,59.9356946778875,9.846848774744165,0,1,0,0,0,0.25192153586769134,0.25192153586769134,0.25192153586769134
